X = [[2 5 6 8 7 3];[7 8 7 9 3 1];[1 4 6 2 0 0];[6 6 5 3 2 4];[0 8 0 6 5 9]];
X2 = X(2:4,2:5);
X2 = 3*X2;
X(2:4,2:5) = X2; 